7.2614
1.9784
8.1895
1.3193
1.8455
3.7194
5.4132
5.7278
1.8401
2.2561
4.5698
6.6071
3.1856
7.2614
2.2561
2.318
4.1714
2.2995
2.473
2.6563
4.7373
2.9801
5.4132
4.7373
5.1514
1.621
2.0714
3.3137
2.1803
3.4118
6.1149
3.7194
2.4602
2.0313
2.2644
2.0661
2.3575
5.1514
1.6376
1.868
2.1734
2.1873
4.2899
1.6268
2.3575
3.3613
1.798
2.6935
2.6746
3.2261
2.4477
2.6563
3.2687
2.7979
2.87
1.6463
6.1149
2.6935
6.6071
1.8348
3.4118
6.6071
2.0558
1.9084
1.5169
1.6925
4.4218
2.4996
3.1856
1.6089
2.6045
1.7457
5.7278
2.8959
2.4006
3.8774
2.7979
2.4996
2.9801
2.3786
2.8451
2.9228
3.7952
3.7952
2.3086
1.8003
1.3952
1.9703
2.4996
3.6491
3.1106
2.5725
5.4132
3.4118
2.473
1.7345
1.7613
3.6491
2.209
4.2899
2.6746
6.6071
5.1514
2.2398
3.8774
1.8146
2.4996
1.9118
2.4355
3.0757
2.5134
3.6491
4.1714
2.5421
1.9472
2.209
1.7716
6.6071
4.929
4.2899
2.318
5.7278
9.6511
2.5725
3.4118
2.5725
3.3137
3.4655
1.4596
2.473
9.6511
2.5276
3.3613
2.2644
2.7756
4.7373
3.4655
3.4118
5.7278
3.1472
2.1666
2.0361
3.7194
3.8774
2.6746
2.0558
3.8774
1.7291
4.929
8.1895
1.9361
2.412
3.8774
8.1895
4.929
3.7952
4.1714
7.2614
3.6491
2.3786
2.1221
3.7194
4.7373
3.2261
2.8959
2.8451
2.7979
2.6935
4.4218
1.817
3.4655
1.9019
2.5134
2.0083
2.8451
3.5837
3.3137
3.3613
3.6491
1.8651
1.645
5.7278
4.2899
6.1149
5.4132
5.1514
4.0642
9.6511
4.2899
5.1514
3.2261
2.1221
3.4118
2.3895
3.0424
5.4132
2.2644
5.4132
1.7495
5.4132
7.2614
1.9995
6.6071
2.16
2.1045
2.1045
2.0458
2.9508
4.2899
2.9228
2.87
3.0105
3.1472
4.2899
2.87
2.0876
2.3895
2.0409
2.0821
2.0987
5.1514
4.5698
3.5837
5.4132
1.8195
4.2899
2.6385
4.7373
1.8954
7.2614
2.6045
7.2614
1.8739
3.7194
9.6511
9.6511
1.8709
3.6491
2.754
7.2614
3.0757
3.9667
2.1534
4.5698
4.7373
4.929
4.4218
4.929
6.6071
4.929
1.6541
1.9398
3.8774
1.6895
9.6511
3.4118
6.6071
4.7373
4.2899
5.4132
1.5245
5.7278
2.4477
2.6563
3.7952
4.5698
2.5725
5.7278
9.6511
8.1895
4.929
2.0609
1.3735
1.7169
8.1895
4.0642
3.7194
3.1472
6.1149
3.6491
3.6491
7.2614
2.87
2.0039
3.0105
2.0361
8.1895
5.4132
3.2687
3.0105
3.0105
7.2614
3.7952
2.3374
2.412
4.2899
2.6045
2.1161
2.5276
1.9744
4.0642
5.1514
2.3474
8.1895
12.457
12.457
1.8348
3.0424
2.2729
2.8211
1.7068
2.6563
5.4132
2.4355
1.7845
4.4218
4.7373
1.5706
3.9667
5.4132
1.9051
4.2899
5.7278
2.5571
3.3613
2.5421
3.6491
6.6071
2.7979
2.6385
4.4218
5.4132
9.6511
3.1856
7.2614
3.5226
3.9667
3.9667
2.8211
3.6491
4.0642
1.9361
1.3353
2.4602
2.87
5.1514
2.3086
9.6511
8.1895
2.6045
2.2729
3.7952
1.8769
2.3086
2.6213
3.6491
7.2614
2.6045
2.0361
2.754
5.4132
7.2614
2.9801
1.5217
4.7373
6.6071
6.1149
3.4655
4.7373
4.5698
6.6071
6.1149
3.5837
2.473
2.9228
4.5698
7.2614
5.4132
2.5134
3.9667
5.7278
3.6491
5.4132
6.6071
2.2904
2.2644
8.1895
3.1856
4.1714
7.2614
2.9801
3.5837
7.2614
1.6015
3.3613
6.6071
3.0424
3.3137
3.1856
2.3786
4.5698
4.1714
6.6071
3.0424
3.4118
4.5698
3.0757
3.9667
1.8593
6.6071
3.1106
4.929
4.1714
2.8211
2.368
2.4602
3.1472
3.7952
1.4615
3.0424
2.0361
1.7068
4.1714
6.1149
4.4218
2.6385
2.0313
2.1873
3.3613
3.4655
1.4248
5.4132
5.4132
3.0424
3.5226
3.4655
3.9667
2.3786
8.1895
8.1895
4.2899
5.7278
8.1895
3.7952
2.16
1.5408
1.611
2.368
5.7278
1.7345
1.7675
2.0558
3.4655
4.929
9.6511
3.7952
4.2899
2.473
4.4218
2.8211
4.5698
3.6491
4.5698
4.7373
3.7194
1.9586
12.457
4.2899
4.5698
12.457
4.5698
5.1514
2.2241
2.3474
3.8774
1.7203
3.3137
3.1472
2.4861
2.9508
2.0714
6.6071
2.4861
12.457
4.0642
5.4132
7.2614
1.9952
3.3613
4.5698
2.1161
2.0876
1.9744
3.3137
3.1856
5.7278
2.1103
3.6491
3.9667
1.3757
1.5423
3.0757
4.5698
2.0173
8.1895
3.3137
7.2614
2.2995
3.4655
2.8211
9.6511
3.7952
2.9508
5.7278
8.1895
3.3613
6.1149
9.6511
2.1666
2.2729
9.6511
3.5226
2.2644
3.7952
4.0642
4.1714
2.0313
3.0105
8.1895
1.6972
3.8774
1.64
2.1045
1.6438
3.4118
5.7278
2.6935
7.2614
8.1895
4.1714
2.4861
2.1873
3.7194
2.5276
2.3895
3.1472
3.6491
4.1714
4.2899
3.6491
1.9186
4.5698
2.1944
3.4118
3.2261
5.4132
5.7278
2.1161
3.6491
2.6935
3.7952
3.9667
5.7278
5.1514
3.4655
7.2614
4.4218
2.5571
2.9228
2.9801
3.5837
1.7867
5.4132
6.1149
7.2614
1.621
3.7952
2.4236
3.9667
2.4355
7.2614
4.2899
6.6071
5.1514
3.7952
3.4118
2.3276
5.1514
6.6071
4.0642
1.8026
1.4876
1.6177
3.4118
5.4132
1.8986
2.2017
2.7756
2.9228
4.5698
2.9508
4.4218
5.7278
3.5837
3.1856
6.6071
6.6071
7.2614
4.7373
4.0642
2.3374
2.1103
2.6935
3.3137
4.7373
3.1106
1.8195
1.3869
2.2816
9.6511
8.1895
6.1149
2.8211
3.3137
2.4996
5.4132
2.473
7.2614
9.6511
3.7194
4.5698
1.9952
4.4218
2.713
2.473
3.4655
1.7554
2.0313
2.0987
6.1149
1.7957
2.9228
5.7278
2.0767
3.0757
3.8774
3.1856
1.5385
2.6563
9.6511
2.9801
1.6988
6.1149
5.4132
1.9398
1.5415
4.1714
9.6511
1.8074
3.1472
3.0424
6.6071
3.3613
7.2614
5.7278
3.0105
3.1472
6.6071
5.1514
9.6511
8.1895
2.2017
2.3575
2.4355
2.5883
2.6563
3.9667
3.3613
2.1344
2.9801
2.0128
2.3474
1.628
2.368
8.1895
1.7634
2.2561
1.886
2.0558
2.368
4.929
2.0987
2.473
1.8271
1.7593
5.4132
2.0219
2.9508
5.1514
7.2614
5.1514
1.7801
6.1149
4.4218
5.4132
4.2899
2.6746
3.5226
9.6511
4.0642
6.6071
4.7373
8.1895
9.6511
3.8774
5.1514
3.1856
3.4118
3.5226
6.1149
2.2729
2.1873
6.1149
3.7952
1.5064
1.8374
1.7438
2.147
2.1873
6.6071
1.9995
1.4995
1.8954
1.822
3.9667
3.0105
3.7194
2.4236
3.1106
2.1282
3.1856
4.4218
5.4132
8.1895
5.7278
9.6511
4.7373
2.4996
4.5698
6.6071
2.6385
4.4218
2.3786
4.4218
4.2899
2.3374
3.0757
5.4132
4.4218
6.1149
3.5837
8.1895
2.5883
2.8959
2.8451
5.1514
3.0105
2.6385
3.2261
4.2899
3.5226
2.0876
4.5698
2.8959
3.8774
4.929
9.6511
2.8451
2.8451
5.7278
7.2614
8.1895
3.2261
4.5698
5.1514
8.1895
2.8959
3.5226
12.457
4.0642
2.3474
7.2614
2.6385
8.1895
3.0105
4.4218
6.1149
2.3374
1.886
2.5421
2.1873
2.1944
2.5276
2.318
1.9664
4.929
3.5226
3.4655
5.4132
2.2479
4.929
3.7952
3.3613
3.4655
3.7194
5.4132
6.6071
6.1149
9.6511
2.7979
3.2261
3.9667
1.7186
5.1514
5.4132
9.6511
3.7952
3.7952
4.929
4.0642
4.1714
2.4996
2.8959
2.9228
4.2899
4.0642
5.7278
1.8769
4.7373
3.0757
2.4477
4.4218
3.0424
4.0642
2.2904
3.5837
6.6071
3.7194
2.5725
2.1406
8.1895
2.9801
4.929
4.4218
4.2899
4.929
7.2614
2.9508
3.8774
2.5725
6.1149
7.2614
4.0642
2.1344
4.4218
3.9667
5.1514
3.0424
3.8774
3.9667
5.7278
3.4655
2.7756
4.1714
4.5698
5.4132
7.2614
5.4132
4.4218
9.6511
2.9508
2.8451
2.473
2.6746
2.1221
5.4132
5.4132
2.8451
4.929
3.4118
2.1282
2.6746
4.929
8.1895
5.7278
4.929
4.929
6.1149
8.1895
5.7278
4.0642
2.368
2.9508
1.8891
4.929
9.6511
2.4861
3.6491
6.6071
5.7278
5.1514
5.7278
4.4218
5.4132
2.6563
2.9801
8.1895
6.1149
4.7373
3.0105
3.9667
3.2261
3.0757
4.1714
6.1149
6.6071
5.4132
6.6071
5.4132
4.2899
2.4477
6.6071
2.8959
5.7278
6.6071
3.6491
3.7952
4.5698
5.7278
3.1106
3.0424
1.6747
2.87
6.1149
4.5698
3.1472
3.7952
3.0757
8.1895
4.929
6.6071
6.6071
3.2261
3.1472
2.7979
1.7101
2.9508
5.7278
5.1514
2.8451
3.5837
4.0642
3.0105
4.0642
4.2899
3.8774
5.4132
8.1895
3.4655
5.4132
9.6511
1.5238
3.3613
4.0642
5.7278
2.6045
4.2899
5.4132
5.4132
12.457
2.2995
6.1149
12.457
6.6071
4.929
9.6511
2.3786
6.1149
4.7373
6.1149
6.1149
4.0642
1.526
8.1895
4.1714
8.1895
1.9547
3.8774
4.929
6.6071
5.7278
4.5698
6.6071
6.1149
9.6511
9.6511
9.6511
5.7278
8.1895
2.318
3.0757
3.1472
6.6071
2.9801
3.5837
2.5725
4.1714
1.6425
6.6071
2.4477
3.5837
3.4118
3.2687
5.4132
4.2899
2.3786
8.1895
6.6071
6.1149
6.6071
2.6935
3.5226
5.7278
4.0642
6.6071
4.7373
3.3613
6.1149
8.1895
4.7373
7.2614
5.4132
6.6071
7.2614
2.6045
6.1149
8.1895
5.7278
2.6746
4.7373
1.8374
5.4132
3.6491
4.2899
5.4132
2.412
4.1714
8.1895
2.87
5.4132
4.4218
2.4355
1.9909
2.2644
9.6511
8.1895
5.4132
4.929
2.5421
4.5698
5.1514
5.7278
7.2614
9.6511
3.4655
2.713
9.6511
3.0105
6.1149
6.1149
3.6491
2.0508
3.2261
8.1895
3.2261
2.1803
4.7373
6.6071
7.2614
8.1895
2.6385
3.8774
5.4132
4.4218
3.8774
6.1149
4.7373
8.1895
3.2687
3.4655
5.4132
3.1856
7.2614
4.5698
9.6511
4.4218
3.5226
4.929
4.0642
4.2899
3.2261
2.7332
4.4218
3.7952
5.1514
3.7952
6.6071
7.2614
4.1714
3.0105
5.4132
5.4132
3.3613
4.1714
4.2899
2.5883
5.7278
8.1895
4.1714
3.0757
2.8211
6.6071
8.1895
4.7373
4.7373
3.8774
3.8774
1.9084
4.0642
4.7373
8.1895
4.7373
5.4132
8.1895
4.7373
2.9228
3.8774
7.2614
3.1856
4.929
3.7952
4.5698
3.8774
7.2614
5.7278
9.6511
5.1514
7.2614
1.7186
3.3613
4.929
8.1895
7.2614
6.6071
4.2899
5.1514
2.9228
2.8959
3.9667
4.7373
7.2614
12.457
2.754
2.2398
6.1149
8.1895
3.4118
3.6491
3.4655
7.2614
5.4132
5.4132
5.1514
4.929
4.929
3.1106
4.1714
3.4118
4.929
3.6491
1.8954
2.412
5.7278
2.4861
6.6071
3.4118
3.4655
3.7952
3.4655
7.2614
2.6385
6.1149
4.0642
8.1895
4.7373
5.7278
6.6071
5.4132
3.0424
3.0105
5.1514
3.2687
4.5698
5.4132
3.3137
3.3613
4.929
3.8774
3.1472
5.7278
5.1514
7.2614
3.9667
3.5226
3.2261
3.9667
3.1472
4.2899
3.3613
6.6071
3.0424
3.4655
2.8211
3.8774
4.7373
9.6511
4.0642
4.0642
3.7194
7.2614
8.1895
6.6071
5.1514
7.2614
7.2614
6.1149
5.1514
8.1895
7.2614
3.4655
5.7278
4.7373
6.6071
6.6071
8.1895
2.7979
3.0757
3.8774
5.4132
5.1514
4.7373
4.5698
3.3613
4.0642
4.7373
2.7979
4.5698
5.7278
2.5725
6.6071
12.457
3.8774
3.1856
3.7194
3.8774
3.8774
2.9508
3.0424
5.7278
8.1895
3.7194
4.7373
6.1149
5.4132
5.7278
2.9228
4.1714
5.7278
6.6071
6.6071
6.6071
2.87
2.9801
2.7979
3.5226
2.4602
4.2899
6.6071
6.6071
3.1856
3.9667
2.1103
7.2614
4.7373
5.1514
3.4655
2.5725
3.1106
2.9508
3.7952
2.7332
6.1149
3.4118
4.7373
3.9667
5.1514
8.1895
4.2899
6.6071
8.1895
2.754
3.6491
4.929
9.6511
4.5698
4.5698
4.5698
3.0424
4.7373
4.1714
4.929
3.5837
4.1714
7.2614
5.1514
5.1514
6.6071
3.7952
2.6746
3.3137
5.1514
8.1895
8.1895
3.9667
4.929
4.929
2.6213
6.1149
2.3895
5.1514
3.1856
3.7194
2.2904
9.6511
6.6071
5.7278
4.7373
7.2614
8.1895
4.0642
5.4132
5.7278
4.2899
4.2899
4.5698
4.5698
4.1714
8.1895
9.6511
2.1103
5.4132
7.2614
4.1714
3.4118
6.1149
9.6511
9.6511
12.457
3.4655
4.2899
4.0642
4.4218
4.5698
5.1514
8.1895
2.0039
3.1472
3.7952
5.1514
6.6071
7.2614
8.1895
3.7952
4.0642
6.6071
3.7952
2.4006
3.8774
3.0424
4.2899
6.1149
3.5226
2.87
4.2899
2.3895
5.4132
5.4132
2.2398
5.7278
4.929
4.929
3.4655
2.4355
7.2614
7.2614
3.6491
6.6071
7.2614
4.7373
8.1895
3.5837
4.7373
3.6491
2.4355
7.2614
6.6071
4.4218
6.1149
6.1149
6.6071
4.7373
5.4132
4.1714
2.7979
5.7278
3.8774
6.1149
4.929
4.5698
8.1895
8.1895
8.1895
2.713
6.1149
5.7278
6.6071
3.9667
3.9667
7.2614
7.2614
5.7278
2.5571
2.1103
5.7278
1.817
2.2241
3.2687
3.7952
5.1514
5.4132
7.2614
3.7194
8.1895
7.2614
6.1149
8.1895
4.2899
3.1472
4.4218
1.6662
4.7373
3.6491
4.0642
2.6385
4.1714
3.0105
6.6071
6.1149
6.6071
4.2899
5.7278
4.929
2.3276
1.8271
2.5571
3.9667
2.7979
4.2899
5.7278
2.6563
4.929
8.1895
3.9667
4.929
5.1514
6.6071
4.929
4.929
4.2899
3.7952
4.5698
4.2899
3.2687
5.7278
2.6045
3.2687
4.1714
6.6071
6.1149
5.1514
7.2614
3.5226
9.6511
8.1895
3.8774
8.1895
9.6511
4.2899
1.8245
4.4218
3.7952
2.473
6.6071
6.1149
3.7952
7.2614
8.1895
9.6511
6.6071
4.5698
6.6071
4.0642
6.6071
4.7373
2.6746
8.1895
8.1895
2.2319
7.2614
3.7952
4.7373
3.1472
5.4132
2.8959
6.6071
4.0642
9.6511
5.4132
7.2614
7.2614
4.7373
5.1514
7.2614
2.87
3.0757
3.9667
4.7373
3.9667
4.5698
3.5837
9.6511
4.7373
5.1514
8.1895
3.9667
9.6511
7.2614
8.1895
4.929
3.7194
2.3575
2.87
6.6071
3.9667
6.6071
4.2899
3.2261
9.6511
6.6071
3.2687
3.9667
3.3137
3.3137
5.4132
8.1895
6.1149
5.7278
6.1149
3.3137
8.1895
6.6071
4.2899
6.6071
8.1895
9.6511
4.0642
4.4218
5.4132
4.7373
4.4218
3.9667
7.2614
7.2614
6.6071
5.4132
5.7278
8.1895
4.0642
5.7278
4.4218
5.7278
9.6511
7.2614
7.2614
4.7373
6.6071
4.7373
6.6071
7.2614
8.1895
9.6511
8.1895
2.8211
5.1514
8.1895
4.2899
9.6511
7.2614
3.7952
2.8959
5.7278
6.1149
4.4218
3.5837
4.929
6.6071
5.4132
8.1895
8.1895
3.7194
2.6045
7.2614
5.7278
4.2899
9.6511
3.6491
4.7373
4.5698
3.8774
6.6071
4.7373
4.7373
3.4655
3.1106
7.2614
7.2614
5.7278
8.1895
4.929
9.6511
4.929
7.2614
4.0642
6.6071
4.7373
5.1514
5.4132
6.1149
7.2614
4.7373
4.5698
4.7373
4.0642
6.6071
8.1895
3.2261
7.2614
9.6511
5.1514
5.1514
4.4218
3.9667
3.9667
6.6071
5.7278
6.6071
7.2614
4.929
3.7952
7.2614
7.2614
3.4118
8.1895
8.1895
7.2614
4.5698
5.7278
4.0642
8.1895
5.1514
7.2614
4.7373
8.1895
6.1149
3.8774
3.9667
2.5421
8.1895
7.2614
4.1714
3.8774
4.929
6.1149
8.1895
8.1895
9.6511
7.2614
12.457
7.2614
3.6491
9.6511
2.7756
4.929
8.1895
12.457
8.1895
9.6511
6.6071
6.1149
4.929
9.6511
4.1714
2.9801
12.457
6.6071
5.1514
7.2614
5.4132
5.1514
9.6511
2.9508
4.4218
3.7194
4.1714
8.1895
6.6071
4.1714
3.4655
3.4655
3.5226
3.3613
9.6511
2.3895
3.9667
6.6071
8.1895
4.1714
3.9667
4.2899
5.7278
4.4218
6.1149
7.2614
7.2614
3.9667
4.7373
7.2614
8.1895
6.6071
5.7278
8.1895
7.2614
6.1149
6.6071
2.6385
8.1895
9.6511
8.1895
2.4006
2.2995
9.6511
7.2614
9.6511
8.1895
9.6511
7.2614
4.7373
4.2899
4.4218
4.2899
6.6071
2.87
6.6071
12.457
8.1895
7.2614
6.1149
5.7278
5.1514
7.2614
6.6071
3.5226
4.7373
4.4218
3.4118
5.4132
6.6071
4.929
7.2614
8.1895
4.929
4.2899
9.6511
9.6511
6.6071
9.6511
8.1895
3.2261
2.9228
8.1895
5.4132
12.457
9.6511
7.2614
5.4132
8.1895
8.1895
6.1149
7.2614
8.1895
3.3613
9.6511
3.1472
6.6071
3.9667
9.6511
4.929
3.2687
5.1514
7.2614
6.6071
2.9801
6.6071
9.6511
8.1895
7.2614
12.457
12.457
12.457
9.6511
8.1895
6.1149
3.5226
12.457
3.8774
6.6071
6.1149
8.1895
3.0105
5.1514
5.1514
12.457
12.457
7.2614
5.4132
7.2614
9.6511
4.7373
6.1149
7.2614
2.5276
1.9547
3.8774
6.6071
4.7373
5.7278
9.6511
6.6071
4.1714
2.754
9.6511
9.6511
5.7278
6.6071
5.1514
7.2614
2.2319
2.1282
9.6511
8.1895
6.1149
8.1895
4.7373
9.6511
5.7278
9.6511
3.7194
6.1149
3.9667
8.1895
2.5571
9.6511
9.6511
9.6511
7.2614
12.457
4.5698
7.2614
9.6511
7.2614
6.1149
6.6071
5.4132
12.457
8.1895
12.457
12.457
2.713
12.457
3.5226
3.3137
6.6071
5.4132
4.5698
9.6511
9.6511
5.4132
6.6071
2.0458
3.7952
9.6511
7.2614
7.2614
5.7278
9.6511
8.1895
12.457
1.8954
9.6511
12.457
9.6511
8.1895
9.6511
3.5837
6.1149
3.9667
3.4118
2.754
6.1149
5.4132
2.412
4.929
3.7952
4.929
6.6071
9.6511
12.457
6.6071
7.2614
9.6511
7.2614
8.1895
5.7278
4.7373
6.6071
3.2687
7.2614
8.1895
5.4132
7.2614
3.5226
2.0409
5.4132
9.6511
8.1895
1.8482
3.4118
2.473
3.2261
7.2614
3.8774
7.2614
7.2614
1.929
3.9667
7.2614
3.7194
4.4218
6.6071
7.2614
12.457
5.4132
2.147
2.5883
8.1895
6.6071
7.2614
3.7952
5.4132
6.6071
12.457
6.6071
7.2614
6.1149
2.3895
3.8774
2.87
3.7952
2.3374
3.7952
6.6071
5.4132
6.1149
3.8774
3.5226
3.9667
3.3137
4.1714
8.1895
8.1895
12.457
3.0757
9.6511
4.929
5.7278
6.1149
5.4132
4.5698
9.6511
5.4132
12.457
12.457
9.6511
4.5698
2.7756
12.457
7.2614
7.2614
6.6071
3.7194
3.7952
4.929
3.7952
12.457
8.1895
8.1895
3.9667
7.2614
4.929
6.6071
4.929
6.1149
12.457
6.1149
7.2614
4.7373
8.1895
2.5421
3.9667
4.2899
12.457
9.6511
5.1514
7.2614
4.929
1.9434
7.2614
6.6071
7.2614
6.1149
9.6511
4.5698
4.2899
6.1149
12.457
5.7278
4.929
4.7373
4.2899
2.87
9.6511
8.1895
7.2614
6.1149
5.7278
5.1514
2.9508
9.6511
4.4218
6.6071
2.754
2.9801
2.9228
9.6511
4.929
3.4118
2.9801
5.1514
5.4132
5.4132
6.1149
9.6511
7.2614
6.6071
3.9667
9.6511
3.1106
12.457
5.7278
9.6511
6.1149
9.6511
5.7278
4.4218
9.6511
6.6071
6.1149
9.6511
4.0642
12.457
3.6491
4.929
12.457
6.1149
7.2614
8.1895
7.2614
7.2614
9.6511
7.2614
5.4132
9.6511
6.6071
6.1149
8.1895
4.929
5.7278
4.7373
9.6511
12.457
4.7373
7.2614
4.5698
4.7373
9.6511
8.1895
5.7278
6.1149
9.6511
5.1514
7.2614
4.7373
6.6071
5.7278
8.1895
9.6511
7.2614
9.6511
8.1895
4.7373
9.6511
7.2614
7.2614
4.4218
6.6071
6.6071
7.2614
3.7952
7.2614
4.2899
12.457
3.5226
8.1895
8.1895
4.2899
7.2614
4.2899
9.6511
9.6511
8.1895
9.6511
3.7952
9.6511
7.2614
8.1895
9.6511
8.1895
9.6511
8.1895
7.2614
6.6071
5.7278
9.6511
6.6071
2.5725
4.929
7.2614
5.7278
8.1895
6.1149
7.2614
6.1149
12.457
4.5698
5.4132
3.8774
4.0642
9.6511
4.2899
12.457
7.2614
2.754
3.5226
8.1895
8.1895
8.1895
5.7278
6.6071
9.6511
3.3613
8.1895
6.6071
9.6511
2.3575
9.6511
3.0105
8.1895
12.457
9.6511
3.7194
6.6071
8.1895
9.6511
6.1149
12.457
2.4236
5.4132
4.0642
9.6511
3.3613
7.2614
4.2899
5.4132
3.9667
2.0128
6.1149
8.1895
5.7278
9.6511
12.457
7.2614
8.1895
3.5837
4.929
9.6511
9.6511
6.6071
8.1895
4.7373
12.457
7.2614
5.4132
7.2614
8.1895
8.1895
9.6511
6.6071
12.457
9.6511
3.8774
6.6071
6.6071
4.929
9.6511
9.6511
12.457
7.2614
9.6511
9.6511
4.5698
8.1895
8.1895
3.7952
6.6071
5.4132
3.8774
12.457
6.6071
6.1149
5.1514
6.1149
7.2614
4.929
9.6511
9.6511
5.7278
8.1895
9.6511
6.6071
9.6511
8.1895
6.6071
6.1149
6.1149
3.3613
9.6511
5.7278
2.713
4.1714
6.1149
8.1895
12.457
12.457
8.1895
9.6511
9.6511
6.6071
9.6511
4.1714
9.6511
5.7278
9.6511
4.929
6.6071
6.1149
6.6071
4.5698
3.5837
9.6511
5.1514
6.6071
6.1149
9.6511
7.2614
6.1149
6.6071
5.1514
5.4132
9.6511
7.2614
6.1149
2.1221
7.2614
6.6071
6.1149
3.0757
4.2899
9.6511
3.8774
4.2899
2.9508
6.1149
12.457
8.1895
2.0876
7.2614
4.5698
9.6511
12.457
6.6071
6.1149
9.6511
4.5698
7.2614
9.6511
9.6511
3.9667
4.929
9.6511
8.1895
4.929
8.1895
4.7373
9.6511
9.6511
6.1149
5.4132
9.6511
3.1856
9.6511
4.1714
2.2319
3.1472
2.8451
8.1895
9.6511
2.5134
9.6511
6.1149
9.6511
9.6511
7.2614
5.4132
3.9667
6.6071
8.1895
3.8774
6.6071
9.6511
8.1895
8.1895
8.1895
5.7278
9.6511
4.2899
4.2899
9.6511
9.6511
6.1149
9.6511
6.6071
4.7373
5.4132
9.6511
5.4132
6.1149
5.1514
12.457
4.7373
6.6071
4.7373
9.6511
6.6071
5.4132
7.2614
6.1149
9.6511
9.6511
7.2614
12.457
6.1149
6.1149
8.1895
6.6071
9.6511
6.1149
6.6071
6.6071
7.2614
9.6511
5.1514
5.4132
5.7278
7.2614
6.1149
4.7373
8.1895
8.1895
5.1514
7.2614
9.6511
3.6491
4.2899
4.7373
9.6511
7.2614
9.6511
7.2614
9.6511
6.6071
4.7373
6.6071
8.1895
7.2614
5.1514
4.0642
4.7373
7.2614
4.2899
8.1895
7.2614
12.457
9.6511
9.6511
9.6511
8.1895
5.4132
8.1895
5.4132
9.6511
8.1895
9.6511
7.2614
6.1149
5.7278
8.1895
5.7278
3.9667
7.2614
5.1514
7.2614
6.6071
12.457
8.1895
7.2614
9.6511
8.1895
8.1895
4.5698
8.1895
7.2614
3.6491
8.1895
7.2614
6.1149
9.6511
8.1895
6.6071
9.6511
9.6511
6.6071
5.7278
4.4218
6.6071
5.7278
12.457
8.1895
7.2614
8.1895
6.6071
4.4218
5.4132
9.6511
6.1149
8.1895
8.1895
5.1514
7.2614
7.2614
2.87
4.929
4.929
7.2614
4.4218
5.4132
8.1895
9.6511
3.1856
12.457
8.1895
6.1149
5.4132
3.5226
9.6511
8.1895
7.2614
3.3137
9.6511
5.7278
8.1895
9.6511
6.6071
6.6071
9.6511
6.6071
8.1895
7.2614
7.2614
6.1149
8.1895
12.457
4.1714
7.2614
9.6511
12.457
9.6511
6.6071
3.3613
9.6511
6.6071
8.1895
9.6511
6.6071
8.1895
7.2614
7.2614
12.457
9.6511
4.0642
7.2614
5.1514
4.7373
6.1149
9.6511
9.6511
6.1149
9.6511
8.1895
8.1895
6.1149
7.2614
9.6511
8.1895
8.1895
9.6511
12.457
9.6511
8.1895
6.1149
8.1895
8.1895
9.6511
9.6511
4.1714
5.4132
8.1895
5.7278
7.2614
7.2614
9.6511
9.6511
6.6071
5.4132
9.6511
9.6511
6.6071
9.6511
12.457
6.6071
3.1472
7.2614
9.6511
6.6071
7.2614
8.1895
7.2614
12.457
7.2614
6.1149
8.1895
9.6511
6.6071
12.457
4.7373
8.1895
4.5698
6.1149
9.6511
9.6511
9.6511
6.1149
9.6511
6.6071
7.2614
7.2614
4.1714
9.6511
6.6071
8.1895
12.457
8.1895
8.1895
4.929
12.457
12.457
7.2614
12.457
6.1149
5.4132
6.1149
4.7373
8.1895
5.7278
6.6071
8.1895
5.7278
3.9667
6.6071
5.7278
8.1895
12.457
5.7278
12.457
7.2614
9.6511
7.2614
3.7194
9.6511
5.7278
6.6071
9.6511
9.6511
7.2614
7.2614
3.5837
12.457
8.1895
9.6511
9.6511
8.1895
9.6511
9.6511
8.1895
9.6511
9.6511
4.4218
7.2614
4.5698
7.2614
9.6511
3.9667
5.7278
8.1895
9.6511
5.4132
8.1895
2.713
9.6511
12.457
7.2614
3.5226
6.1149
9.6511
7.2614
9.6511
6.6071
9.6511
5.4132
12.457
4.4218
9.6511
6.6071
7.2614
5.7278
6.1149
4.929
3.5837
5.7278
9.6511
9.6511
9.6511
8.1895
9.6511
9.6511
8.1895
7.2614
12.457
4.5698
8.1895
8.1895
8.1895
8.1895
6.6071
6.1149
8.1895
4.929
9.6511
6.1149
6.1149
3.8774
6.1149
9.6511
9.6511
5.7278
8.1895
6.6071
8.1895
9.6511
6.6071
8.1895
8.1895
9.6511
6.1149
9.6511
8.1895
5.4132
7.2614
6.1149
3.9667
5.7278
12.457
12.457
9.6511
6.6071
5.7278
6.1149
4.1714
8.1895
9.6511
6.6071
7.2614
12.457
8.1895
3.6491
7.2614
4.929
5.1514
5.7278
4.5698
7.2614
9.6511
9.6511
9.6511
7.2614
12.457
12.457
7.2614
12.457
8.1895
8.1895
9.6511
9.6511
4.929
6.1149
12.457
9.6511
5.7278
5.4132
8.1895
2.9801
3.9667
9.6511
4.929
4.929
5.4132
9.6511
7.2614
5.4132
8.1895
6.1149
6.6071
8.1895
7.2614
12.457
9.6511
9.6511
9.6511
9.6511
6.1149
7.2614
7.2614
5.1514
5.4132
5.4132
8.1895
2.9508
3.2261
7.2614
9.6511
7.2614
7.2614
9.6511
8.1895
7.2614
3.7952
9.6511
6.6071
8.1895
6.6071
9.6511
7.2614
9.6511
8.1895
7.2614
8.1895
9.6511
9.6511
7.2614
12.457
6.6071
5.4132
8.1895
9.6511
6.6071
5.7278
3.0105
8.1895
6.6071
6.6071
8.1895
6.6071
6.6071
9.6511
9.6511
5.4132
9.6511
7.2614
5.4132
5.4132
12.457
5.7278
12.457
9.6511
9.6511
8.1895
12.457
5.4132
7.2614
5.4132
9.6511
8.1895
9.6511
6.6071
9.6511
9.6511
8.1895
8.1895
9.6511
9.6511
3.0424
5.7278
6.6071
8.1895
3.0105
3.1106
9.6511
8.1895
9.6511
7.2614
7.2614
6.6071
3.9667
7.2614
9.6511
9.6511
5.1514
8.1895
2.147
3.8774
8.1895
8.1895
7.2614
6.6071
7.2614
9.6511
9.6511
6.1149
9.6511
9.6511
8.1895
8.1895
9.6511
9.6511
12.457
6.6071
9.6511
12.457
12.457
2.2017
7.2614
7.2614
7.2614
3.6491
9.6511
6.1149
12.457
12.457
6.6071
7.2614
8.1895
8.1895
6.1149
2.7979
1.8097
1.7593
9.6511
8.1895
6.6071
7.2614
9.6511
8.1895
9.6511
9.6511
5.1514
7.2614
9.6511
6.6071
9.6511
9.6511
8.1895
9.6511
8.1895
8.1895
8.1895
12.457
6.6071
9.6511
8.1895
6.1149
2.9508
8.1895
6.1149
8.1895
2.5276
8.1895
3.9667
6.1149
9.6511
8.1895
9.6511
8.1895
2.0767
4.4218
5.7278
8.1895
9.6511
6.6071
7.2614
4.7373
12.457
8.1895
9.6511
9.6511
9.6511
8.1895
9.6511
8.1895
8.1895
5.4132
9.6511
6.6071
9.6511
3.7952
6.6071
5.4132
8.1895
3.7194
4.5698
7.2614
9.6511
3.6491
5.7278
6.6071
5.4132
5.1514
6.1149
7.2614
12.457
4.2899
5.4132
6.1149
3.4118
3.3613
5.1514
5.4132
9.6511
2.1344
9.6511
7.2614
6.6071
9.6511
9.6511
4.7373
4.929
8.1895
9.6511
4.4218
3.8774
9.6511
9.6511
9.6511
8.1895
9.6511
7.2614
9.6511
6.6071
9.6511
9.6511
9.6511
9.6511
8.1895
8.1895
2.318
8.1895
7.2614
6.6071
7.2614
9.6511
8.1895
7.2614
9.6511
9.6511
8.1895
9.6511
2.4602
9.6511
8.1895
9.6511
12.457
9.6511
7.2614
6.6071
9.6511
9.6511
8.1895
7.2614
9.6511
9.6511
9.6511
6.1149
8.1895
8.1895
7.2614
8.1895
12.457
7.2614
8.1895
8.1895
8.1895
7.2614
8.1895
8.1895
7.2614
7.2614
5.7278
8.1895
6.6071
9.6511
4.7373
6.6071
9.6511
7.2614
8.1895
7.2614
12.457
8.1895
3.7952
7.2614
9.6511
9.6511
3.8774
9.6511
8.1895
9.6511
9.6511
8.1895
12.457
9.6511
12.457
6.1149
8.1895
12.457
5.4132
6.1149
8.1895
4.7373
9.6511
7.2614
6.6071
6.1149
9.6511
5.7278
6.6071
8.1895
9.6511
8.1895
7.2614
5.7278
3.5837
4.5698
5.4132
8.1895
9.6511
7.2614
9.6511
9.6511
6.6071
9.6511
3.8774
9.6511
8.1895
4.929
7.2614
5.1514
9.6511
7.2614
9.6511
8.1895
8.1895
12.457
5.4132
9.6511
9.6511
9.6511
6.6071
3.6491
6.6071
6.6071
2.5571
6.6071
2.8211
6.1149
7.2614
6.1149
9.6511
5.7278
5.4132
9.6511
7.2614
8.1895
5.4132
9.6511
8.1895
12.457
5.7278
8.1895
5.1514
4.4218
7.2614
9.6511
8.1895
9.6511
7.2614
8.1895
9.6511
12.457
8.1895
9.6511
7.2614
6.6071
9.6511
9.6511
8.1895
8.1895
9.6511
9.6511
5.7278
9.6511
12.457
7.2614
9.6511
9.6511
8.1895
8.1895
5.7278
9.6511
7.2614
9.6511
9.6511
8.1895
5.1514
4.5698
4.0642
8.1895
9.6511
8.1895
4.929
5.7278
5.1514
9.6511
6.6071
9.6511
2.3575
4.929
3.9667
8.1895
8.1895
7.2614
8.1895
12.457
9.6511
9.6511
9.6511
8.1895
9.6511
5.7278
8.1895
8.1895
4.929
9.6511
8.1895
5.7278
9.6511
5.7278
12.457
8.1895
5.7278
9.6511
8.1895
9.6511
9.6511
5.7278
6.1149
8.1895
9.6511
6.6071
6.6071
7.2614
4.929
9.6511
9.6511
8.1895
8.1895
9.6511
5.7278
9.6511
6.6071
3.6491
3.5226
9.6511
6.1149
6.1149
6.6071
9.6511
9.6511
12.457
8.1895
7.2614
9.6511
8.1895
6.6071
4.1714
7.2614
8.1895
3.3613
7.2614
6.1149
9.6511
9.6511
12.457
8.1895
5.4132
2.9228
5.4132
8.1895
4.5698
9.6511
8.1895
9.6511
8.1895
3.8774
12.457
9.6511
8.1895
5.7278
9.6511
9.6511
6.6071
7.2614
5.4132
8.1895
9.6511
2.1534
8.1895
9.6511
7.2614
7.2614
6.6071
7.2614
6.6071
8.1895
8.1895
9.6511
12.457
9.6511
8.1895
8.1895
9.6511
12.457
7.2614
6.6071
9.6511
4.5698
9.6511
9.6511
8.1895
9.6511
9.6511
12.457
9.6511
8.1895
6.6071
9.6511
4.2899
7.2614
9.6511
12.457
9.6511
5.1514
12.457
6.6071
8.1895
9.6511
12.457
9.6511
7.2614
8.1895
9.6511
6.1149
9.6511
9.6511
4.1714
8.1895
12.457
8.1895
9.6511
3.6491
9.6511
7.2614
9.6511
9.6511
9.6511
9.6511
9.6511
9.6511
7.2614
9.6511
8.1895
8.1895
9.6511
12.457
12.457
12.457
12.457
12.457
7.2614
7.2614
7.2614
9.6511
12.457
8.1895
6.1149
7.2614
7.2614
6.6071
12.457
7.2614
7.2614
9.6511
6.1149
8.1895
12.457
9.6511
8.1895
7.2614
8.1895
8.1895
9.6511
6.1149
6.6071
5.4132
7.2614
5.7278
9.6511
9.6511
9.6511
9.6511
6.6071
4.929
5.7278
3.7952
5.4132
9.6511
8.1895
8.1895
8.1895
8.1895
9.6511
9.6511
9.6511
9.6511
8.1895
6.6071
8.1895
9.6511
6.6071
9.6511
9.6511
9.6511
6.6071
8.1895
8.1895
4.7373
7.2614
9.6511
12.457
12.457
9.6511
12.457
8.1895
9.6511
12.457
4.929
6.6071
9.6511
7.2614
7.2614
12.457
4.7373
9.6511
12.457
12.457
12.457
8.1895
6.6071
9.6511
6.6071
3.2687
7.2614
8.1895
7.2614
9.6511
8.1895
8.1895
8.1895
9.6511
7.2614
7.2614
6.6071
9.6511
9.6511
6.6071
9.6511
4.929
7.2614
8.1895
8.1895
8.1895
8.1895
8.1895
8.1895
5.1514
8.1895
9.6511
9.6511
9.6511
9.6511
7.2614
8.1895
9.6511
7.2614
6.6071
12.457
12.457
2.7979
9.6511
6.1149
8.1895
7.2614
9.6511
12.457
12.457
9.6511
9.6511
8.1895
9.6511
9.6511
9.6511
4.5698
12.457
6.6071
12.457
9.6511
9.6511
12.457
7.2614
12.457
9.6511
9.6511
9.6511
7.2614
9.6511
9.6511
9.6511
8.1895
9.6511
9.6511
8.1895
6.6071
9.6511
9.6511
9.6511
6.6071
8.1895
9.6511
9.6511
9.6511
8.1895
9.6511
8.1895
9.6511
9.6511
9.6511
8.1895
8.1895
8.1895
9.6511
6.6071
9.6511
8.1895
8.1895
9.6511
9.6511
6.6071
8.1895
9.6511
7.2614
12.457
9.6511
12.457
9.6511
9.6511
8.1895
9.6511
9.6511
7.2614
9.6511
9.6511
12.457
8.1895
6.6071
8.1895
9.6511
8.1895
9.6511
8.1895
5.1514
12.457
9.6511
6.6071
4.5698
9.6511
9.6511
9.6511
8.1895
8.1895
9.6511
9.6511
12.457
9.6511
8.1895
9.6511
9.6511
9.6511
9.6511
9.6511
9.6511
9.6511
9.6511
9.6511
9.6511
7.2614
9.6511
8.1895
8.1895
12.457
9.6511
9.6511
9.6511
9.6511
9.6511
9.6511
9.6511
5.1514
2.6563
9.6511
6.1149
8.1895
9.6511
9.6511
8.1895
7.2614
8.1895
8.1895
12.457
9.6511
8.1895
12.457
9.6511
9.6511
9.6511
9.6511
7.2614
5.4132
9.6511
7.2614
6.6071
3.1106
6.6071
6.1149
8.1895
5.7278
9.6511
12.457
12.457
9.6511
9.6511
12.457
12.457
12.457
9.6511
12.457
9.6511
5.7278
9.6511
8.1895
9.6511
12.457
7.2614
12.457
8.1895
9.6511
9.6511
9.6511
7.2614
8.1895
8.1895
6.6071
8.1895
8.1895
5.7278
12.457
9.6511
6.6071
9.6511
5.7278
9.6511
8.1895
9.6511
9.6511
7.2614
12.457
9.6511
6.1149
8.1895
7.2614
8.1895
12.457
9.6511
9.6511
8.1895
9.6511
8.1895
12.457
12.457
12.457
9.6511
12.457
12.457
12.457
6.6071
9.6511
9.6511
9.6511
9.6511
9.6511
8.1895
12.457
9.6511
5.7278
12.457
8.1895
9.6511
9.6511
8.1895
8.1895
3.5226
9.6511
9.6511
12.457
9.6511
9.6511
12.457
6.1149
9.6511
12.457
9.6511
6.6071
7.2614
8.1895
12.457
9.6511
8.1895
9.6511
9.6511
6.1149
12.457
9.6511
9.6511
9.6511
12.457
12.457
7.2614
9.6511
9.6511
9.6511
9.6511
9.6511
12.457
9.6511
9.6511
9.6511
12.457
9.6511
9.6511
9.6511
9.6511
9.6511
8.1895
8.1895
8.1895
9.6511
4.0642
7.2614
9.6511
8.1895
9.6511
9.6511
9.6511
8.1895
6.6071
9.6511
9.6511
9.6511
9.6511
7.2614
12.457
12.457
12.457
7.2614
9.6511
9.6511
9.6511
8.1895
7.2614
9.6511
4.929
9.6511
9.6511
9.6511
7.2614
8.1895
9.6511
9.6511
9.6511
8.1895
9.6511
9.6511
12.457
9.6511
9.6511
9.6511
12.457
9.6511
9.6511
9.6511
8.1895
8.1895
8.1895
8.1895
8.1895
9.6511
4.4218
8.1895
9.6511
9.6511
7.2614
9.6511
8.1895
7.2614
8.1895
9.6511
9.6511
12.457
9.6511
9.6511
9.6511
8.1895
9.6511
9.6511
8.1895
8.1895
9.6511
12.457
12.457
9.6511
12.457
8.1895
9.6511
9.6511
9.6511
9.6511
9.6511
9.6511
8.1895
9.6511
9.6511
7.2614
9.6511
7.2614
9.6511
7.2614
12.457
9.6511
9.6511
12.457
8.1895
9.6511
9.6511
9.6511
9.6511
9.6511
9.6511
9.6511
12.457
9.6511
9.6511
8.1895
12.457
9.6511
12.457
9.6511
9.6511
12.457
12.457
9.6511
9.6511
8.1895
9.6511
9.6511
9.6511
9.6511
9.6511
12.457
9.6511
12.457
9.6511
9.6511
9.6511
7.2614
9.6511
8.1895
9.6511
9.6511
9.6511
9.6511
9.6511
9.6511
9.6511
9.6511
9.6511
9.6511
9.6511
9.6511
8.1895
9.6511
9.6511
9.6511
8.1895
9.6511
9.6511
12.457
7.2614
12.457
9.6511
9.6511
8.1895
9.6511
9.6511
8.1895
5.7278
8.1895
9.6511
9.6511
12.457
8.1895
7.2614
9.6511
9.6511
8.1895
9.6511
9.6511
9.6511
8.1895
9.6511
9.6511
9.6511
7.2614
8.1895
12.457
9.6511
12.457
12.457
9.6511
9.6511
9.6511
9.6511
9.6511
9.6511
8.1895
9.6511
9.6511
9.6511
9.6511
9.6511
9.6511
9.6511
9.6511
9.6511
9.6511
9.6511
8.1895
9.6511
