4.3662
3.3273
4.3356
3.7902
4.7906
3.8315
2.7722
4.1375
4.7116
3.4116
2.4064
3.9183
4.6735
3.1429
1.9073
4.0113
3.7701
4.7116
3.4412
3.7701
4.3056
3.7308
3.3827
4.462
4.3662
4.6735
4.0356
3.5854
4.9164
4.5643
4.3975
4.9164
4.3056
4.6735
4.7116
3.8527
2.5574
4.9605
4.0856
4.6363
5.0521
2.8985
3.5517
4.0604
2.8489
4.9164
4.8315
4.462
3.6379
3.5517
5.1988
4.2473
2.3564
4.9164
3.4263
4.1113
4.7116
4.7116
5.0057
5.0997
4.462
3.9183
4.4294
2.6143
4.6735
4.1913
3.0371
4.219
4.5294
5.0057
2.9158
3.8742
4.0356
3.964
4.9605
2.3028
4.9605
3.8315
4.7506
4.8735
3.4412
3.237
4.8315
2.8329
3.2747
3.4263
4.2473
4.4954
2.6026
3.9874
3.8742
4.4954
5.0057
2.9884
4.4954
4.6735
2.9071
2.787
4.6363
4.3975
3.4263
3.6379
4.6363
4.3056
2.6697
4.2761
4.3056
3.5517
4.3056
4.7116
4.1375
3.3827
5.0057
3.4412
4.4294
4.7906
5.0057
2.9245
3.9409
3.6026
4.3975
4.3662
2.6633
4.3975
3.0076
4.8315
3.9183
4.9605
4.7906
2.7091
4.7506
2.0158
4.6363
4.8735
1.5301
3.8742
4.8735
4.7506
3.1888
3.4717
4.5999
2.7649
3.964
3.3686
3.2006
4.3056
3.1099
4.5999
4.5999
3.4263
4.2761
4.0856
3.4872
3.8742
4.4294
3.6742
2.6323
3.6559
4.462
